%YAML:1.0
---
camera_matrix: !!opencv-matrix
   rows: 3
   cols: 3
   dt: d
   data: [ 311.2275116435304, 0., 302.7510972126,
           0., 311.65181697045796, 225.589028786722,
           0., 0., 1. ]

distortion_coeffs: !!opencv-matrix
   rows: 1
   cols: 5
   dt: d
   data: [ -0.04422166943796803, 0.01770872063406505,
           0.00012155500254070801, 0.0005324040497094841, 0. ]